12 23 15 23 52 -1 63  0 54 -1  0 66
 1  1  1  5 -1  1 -1 65  1 11 -1 10
 6  1 12  1 -1  3 65  2 -1  4  2 -1
 6  1  6  5 -1  3 65  2  3 13 10 12
12  1 12  5 -1  4  2 -1  4 -1 14 16
15  1 21  1 -1  6 -1  5 -1  8  5  7
15  1 15  5 -1  6 -1  5  6 -1 16 17
21  1 26  1 -1  8  5  7 -1  9  7 -1
21  1 21  5 -1  8  5  7  8 21 18 20
26  1 26  5 -1  9  7 -1  9 22 20 -1
 1  5  6  5  1 11 -1 10  3 13 10 12
 1  5  1  8  1 11 -1 10 11 -1 -1 23
 6  5  9  5  3 13 10 12 -1 15 12 14
 6  5  6  8  3 13 10 12 13 24 23 -1
 9  5 12  5 -1 15 12 14  4 -1 14 16
 9  5  9  8 -1 15 12 14 15 -1 -1 25
12  5 15  5  4 -1 14 16  6 -1 16 17
15  5 18  5  6 -1 16 17 -1 19 17 18
18  5 21  5 -1 19 17 18  8 21 18 20
18  5 18  8 -1 19 17 18 19 -1 27 -1
21  5 26  5  8 21 18 20  9 22 20 -1
21  5 21  8  8 21 18 20 21 30 -1 29
26  5 26  8  9 22 20 -1 22 -1 29 -1
 1  8  6  8 11 -1 -1 23 13 24 23 -1
 6  8  6 14 13 24 23 -1 24 38 36 37
 9  8 12  8 15 -1 -1 25 -1 26 25 -1
12  8 12 11 -1 26 25 -1 26 -1 31 33
15  8 18  8 -1 28 -1 27 19 -1 27 -1
15  8 15 11 -1 28 -1 27 28 -1 33 34
21  8 26  8 21 30 -1 29 22 -1 29 -1
21  8 21 14 21 30 -1 29 30 43 40 42
 9 11 12 11 -1 32 -1 31 26 -1 31 33
 9 11  9 14 -1 32 -1 31 32 39 37 -1
12 11 15 11 26 -1 31 33 28 -1 33 34
15 11 18 11 28 -1 33 34 -1 35 34 -1
18 11 18 14 -1 35 34 -1 35 41 -1 40
-2 14  6 14 -1 -1 42 36 24 38 36 37
 6 14  9 14 24 38 36 37 32 39 37 -1
 6 14  6 20 24 38 36 37 38 50 47 49
 9 14  9 17 32 39 37 -1 39 45 -1 44
18 14 21 14 35 41 -1 40 30 43 40 42
18 14 18 17 35 41 -1 40 41 46 44 -1
21 14 30 14 30 43 40 42 -1 -1 42 36
21 14 21 20 30 43 40 42 43 57 55 56
 9 17 18 17 39 45 -1 44 41 46 44 -1
 9 17  9 20 39 45 -1 44 45 -1 49 51
18 17 18 20 41 46 44 -1 46 -1 53 55
 1 20  6 20 -1 48 -1 47 38 50 47 49
 1 20  1 23 -1 48 -1 47 48 -1 -1 59
 6 20  9 20 38 50 47 49 45 -1 49 51
 6 20  6 23 38 50 47 49 50 62 -1 61
 9 20 12 20 45 -1 49 51 -1 52 51 -1
12 20 12 23 -1 52 51 -1 52 -1 63  0
15 20 18 20 -1 54 -1 53 46 -1 53 55
15 20 15 23 -1 54 -1 53 54 -1  0 66
18 20 21 20 46 -1 53 55 43 57 55 56
21 20 26 20 43 57 55 56 -1 58 56 -1
21 20 21 23 43 57 55 56 57 69 67 -1
26 20 26 23 -1 58 56 -1 58 -1 70 -1
 1 23  3 23 48 -1 -1 59 -1 60 59 -1
 3 23  3 26 -1 60 59 -1 60 -1 72 74
 6 23  9 23 50 62 -1 61 -1 64 61 63
 6 23  6 26 50 62 -1 61 62 -1 74 -1
 9 23 12 23 -1 64 61 63 52 -1 63  0
 9 23  9 26 -1 64 61 63 64 -1 -1 75
 1  1  6  1 -1  1 -1 65 -1  3 65  2
15 23 18 23 54 -1  0 66 -1 68 66 67
18 23 21 23 -1 68 66 67 57 69 67 -1
18 23 18 26 -1 68 66 67 68 -1 77 -1
21 23 21 26 57 69 67 -1 69 -1 -1 79
24 23 26 23 -1 71 -1 70 58 -1 70 -1
24 23 24 26 -1 71 -1 70 71 -1 79 80
 1 26  3 26 -1 73 -1 72 60 -1 72 74
 1 26  1 29 -1 73 -1 72 73 -1 -1 82
 3 26  6 26 60 -1 72 74 62 -1 74 -1
 9 26 12 26 64 -1 -1 75 -1 76 75 -1
12 26 12 29 -1 76 75 -1 76 -1 82 83
15 26 18 26 -1 78 -1 77 68 -1 77 -1
15 26 15 29 -1 78 -1 77 78 -1 83 84
21 26 24 26 69 -1 -1 79 71 -1 79 80
24 26 26 26 71 -1 79 80 -1 81 80 -1
26 26 26 29 -1 81 80 -1 81 -1 84 -1
 1 29 12 29 73 -1 -1 82 76 -1 82 83
12 29 15 29 76 -1 82 83 78 -1 83 84
15 29 26 29 78 -1 83 84 81 -1 84 -1
